14	0.0169519	-190.7147	
21	4.820441	-38.18287	
21	14.82919	-37.93952	
21	24.84421	-43.68091	
21	34.84798	-44.18063	
21	44.86036	-48.12658	
21	54.86226	-49.2047	
21	64.87668	-48.9822	
21	74.89011	-49.16801	
21	84.9014	-47.69173	
21	94.91061	-48.70699	
21	104.9217	-49.10017	
21	114.9238	-47.89355	
21	124.937	-49.51809	
21	134.9481	-49.44188	
21	144.9474	-48.7061	
21	154.9555	-48.81057	
21	164.957	-48.98574	
21	174.967	-49.11018	
21	184.9789	-49.65118	
21	194.9794	-49.1905	
21	204.9805	-49.83377	
21	214.993	-49.56879	
21	224.9981	-49.83649	
21	235.0137	-49.87318	
21	245.0222	-49.49557	
21	255.0282	-49.7744	
21	265.0379	-49.85598	
21	275.0374	-49.73201	
21	285.0463	-49.84835	
21	295.0481	-49.83756	
21	305.0573	-49.77053	
21	315.0587	-49.93691	
21	325.0645	-49.81234	
21	335.0727	-49.96326	
21	345.0756	-49.95519	
21	355.0826	-49.97522	
21	365.0925	-49.98172	
21	375.0917	-49.98162	
21	385.0958	-49.99057	
21	395.0975	-49.98643	
21	405.1039	-49.94771	
21	415.1152	-49.97796	
21	425.114	-49.98447	
21	435.1142	-49.96984	
21	445.121	-49.99126	
21	455.1216	-49.98536	
21	465.1273	-49.95494	
21	475.1316	-49.99303	
21	485.1382	-49.99356	
21	495.1404	-49.9978	
21	505.1472	-49.99189	
21	515.1514	-49.99475	
21	525.1553	-49.99737	
21	535.1658	-49.98829	
21	545.1785	-49.99643	
21	555.1872	-49.99671	
21	565.2038	-49.99376	
21	575.2056	-49.99474	
21	585.2054	-49.99706	
21	595.2145	-49.99423	
21	605.2225	-49.99856	
21	615.2252	-49.99552	
21	625.2301	-49.99726	
21	635.2425	-49.99844	
21	645.2564	-49.99878	
21	655.2704	-49.9994	
21	665.2724	-49.99852	
21	675.2786	-49.99948	
21	685.2858	-49.9996	
21	695.2957	-49.99839	
21	705.3037	-49.99933	
21	715.3128	-49.99968	
21	725.3121	-49.99927	
21	735.3165	-49.99595	
21	745.3233	-49.99956	
21	755.3246	-49.99929	
21	765.3322	-49.9998	
21	775.3323	-49.9998	
21	785.3366	-49.9998	
21	795.3473	-49.9998	
21	805.3563	-49.9998	
21	815.3671	-49.9998	
21	825.3661	-49.9998	
21	835.3739	-49.9998	
21	845.3825	-49.9998	
21	855.391	-49.9998	
21	865.4034	-49.9998	
21	875.408	-49.9998	
21	885.4208	-49.9998	
21	895.4247	-49.9998	
21	905.4274	-49.9998	
21	915.4364	-49.9998	
21	925.4448	-49.9998	
21	935.4473	-49.9998	
21	945.4523	-49.9998	
21	955.4587	-49.9998	
21	965.4696	-49.9998	
21	975.4843	-49.9998	
21	985.4897	-49.9998	
21	995.5048	-49.9998	
21	1005.508	-49.9998	
21	1015.512	-49.9998	
21	1025.527	-49.9998	
21	1035.546	-49.9998	
21	1045.567	-49.9998	
21	1055.597	-49.9998	
21	1065.616	-49.9998	
21	1075.636	-49.9998	
21	1085.656	-49.9998	
21	1095.684	-49.9998	
21	1105.715	-49.9998	
21	1115.738	-49.9998	
21	1125.771	-49.9998	
21	1135.796	-49.9998	
21	1145.82	-49.9998	
21	1155.838	-49.9998	
21	1165.871	-49.9998	
21	1175.89	-49.9998	
21	1185.912	-49.9998	
21	1195.94	-50.00007	
21	1205.962	-49.9998	
21	1215.992	-49.9998	
21	1226.011	-49.9998	
21	1236.034	-49.9998	
21	1246.05	-49.9998	
21	1256.08	-49.9998	
21	1266.099	-49.9998	
21	1276.119	-49.9998	
21	1286.147	-49.9998	
21	1296.18	-49.9998	
21	1306.199	-49.9998	
21	1316.224	-49.9998	
21	1326.244	-49.9998	
21	1336.262	-49.9998	
21	1346.296	-49.9998	
21	1356.316	-49.9998	
21	1366.343	-49.9998	
21	1376.372	-49.9998	
21	1386.396	-49.9998	
21	1396.414	-49.9998	
21	1406.444	-49.9998	
21	1416.472	-49.9998	
21	1426.49	-49.9998	
21	1436.515	-49.9998	
21	1446.534	-49.9998	
21	1456.559	-49.9998	
21	1466.577	-49.9998	
21	1476.605	-49.9998	
21	1486.631	-49.9998	
21	1496.651	-49.9998	
21	1506.676	-49.9998	
21	1516.701	-49.9998	
21	1526.719	-49.9998	
21	1536.745	-49.9998	
21	1546.778	-49.9998	
21	1556.806	-49.9998	
21	1566.838	-49.9998	
21	1576.871	-49.9998	
21	1586.888	-49.9998	
21	1596.909	-49.9998	
21	1606.928	-49.9998	
21	1616.96	-49.9998	
21	1626.984	-49.9998	
21	1637.013	-49.9998	
21	1647.045	-49.9998	
21	1657.071	-49.9998	
21	1667.09	-49.9998	
21	1677.112	-49.9998	
21	1687.131	-49.9998	
21	1697.16	-49.9998	
21	1707.178	-49.9998	
21	1717.201	-49.9998	
21	1727.219	-49.9998	
21	1737.254	-49.9998	
21	1747.281	-49.9998	
21	1757.315	-49.9998	
21	1767.345	-49.9998	
21	1777.367	-49.9998	
21	1787.387	-49.9998	
21	1797.413	-49.9998	
21	1807.429	-49.9998	
21	1817.458	-49.9998	
21	1827.48	-49.9998	
21	1837.513	-49.9998	
21	1847.53	-49.9998	
21	1857.555	-49.9998	
21	1867.583	-49.9998	
21	1877.604	-49.9998	
21	1887.63	-49.9998	
21	1897.655	-49.9998	
21	1907.67	-49.9998	
21	1917.69	-49.9998	
21	1927.71	-49.9998	
21	1937.744	-49.9998	
21	1947.766	-49.9998	
21	1957.794	-49.9998	
21	1967.813	-49.9998	
21	1977.834	-49.9998	
21	1987.858	-49.9998	
21	1997.888	-49.9998	
21	2007.911	-49.9998	
21	2017.929	-49.9998	
21	2027.946	-49.9998	
21	2037.966	-49.9998	
21	2047.99	-49.9998	
21	2057.977	-49.9998	
21	2067.967	-49.9998	
21	2077.944	-49.9998	
21	2087.935	-49.9998	
21	2097.926	-49.9998	
21	2107.904	-49.9998	
21	2117.889	-49.9998	
21	2127.88	-49.9998	
21	2137.871	-49.9998	
21	2147.854	-49.9998	
21	2157.845	-49.9998	
21	2167.832	-49.9998	
21	2177.818	-49.9998	
21	2187.796	-49.9998	
21	2197.776	-49.9998	
21	2207.763	-49.9998	
21	2217.743	-49.9998	
21	2227.729	-49.9998	
21	2237.713	-49.9998	
21	2247.702	-49.9998	
21	2257.694	-49.9998	
21	2267.683	-49.9998	
21	2277.677	-49.9998	
21	2287.667	-49.9998	
21	2297.645	-49.9998	
21	2307.634	-49.9998	
21	2317.623	-49.9998	
21	2327.604	-49.9998	
21	2337.582	-49.9998	
21	2347.566	-49.9998	
21	2357.552	-49.9998	
21	2367.535	-49.9998	
21	2377.529	-49.9998	
21	2387.521	-49.9998	
21	2397.515	-49.9998	
21	2407.503	-49.9998	
21	2417.493	-49.9998	
21	2427.476	-49.9998	
21	2437.463	-49.9998	
21	2447.448	-49.9998	
21	2457.434	-49.9998	
21	2467.421	-49.9998	
21	2477.412	-49.9998	
21	2487.392	-49.9998	
21	2497.377	-49.9998	
21	2507.367	-49.9998	
21	2517.356	-49.9998	
21	2527.339	-49.9998	
21	2537.319	-49.9998	
21	2547.304	-49.9998	
21	2557.287	-49.9998	
21	2567.276	-49.9998	
21	2577.26	-49.9998	
21	2587.242	-49.9998	
21	2597.227	-49.9998	
21	2607.217	-49.9998	
21	2617.211	-49.9998	
21	2627.189	-49.9998	
21	2637.177	-49.9998	
21	2647.162	-49.9998	
21	2657.142	-49.9998	
21	2667.124	-49.9998	
21	2677.119	-49.9998	
21	2687.106	-49.9998	
21	2697.085	-49.9998	
21	2707.072	-49.9998	
21	2717.055	-49.9998	
21	2727.035	-49.9998	
21	2737.025	-49.9998	
21	2747.005	-49.9998	
21	2756.998	-49.9998	
21	2766.991	-49.9998	
21	2776.972	-49.9998	
21	2786.963	-49.9998	
21	2796.95	-49.9998	
21	2806.935	-49.9998	
21	2816.921	-49.9998	
21	2826.906	-49.9998	
21	2836.9	-49.9998	
21	2846.88	-49.9998	
21	2856.867	-49.9998	
21	2866.846	-49.9998	
21	2876.831	-49.9998	
21	2886.821	-49.9998	
21	2896.81	-49.9998	
21	2906.804	-49.9998	
21	2916.804	-49.9998	
21	2926.787	-49.9998	
21	2936.771	-49.9998	
21	2946.761	-49.9998	
21	2956.747	-49.9998	
21	2966.745	-49.9998	
21	2976.731	-49.9998	
21	2986.711	-49.9998	
21	2996.699	-49.9998	
21	3006.678	-49.9998	
21	3016.66	-49.9998	
21	3026.652	-49.9998	
21	3036.641	-49.9998	
21	3046.621	-49.9998	
21	3056.619	-49.9998	
21	3066.604	-49.9998	
21	3076.585	-49.9998	
21	3086.576	-49.9998	
21	3096.554	-49.9998	
21	3106.544	-49.9998	
21	3116.523	-49.9998	
21	3126.503	-49.9998	
21	3136.484	-49.9998	
21	3146.474	-49.9998	
21	3156.455	-49.9998	
21	3166.445	-49.9998	
21	3176.441	-49.9998	
21	3186.435	-49.9998	
21	3196.416	-49.9998	
21	3206.405	-49.9998	
21	3216.398	-49.9998	
21	3226.38	-49.9998	
21	3236.361	-49.9998	
21	3246.342	-49.9998	
21	3256.339	-49.9998	
21	3266.328	-49.9998	
21	3276.319	-49.9998	
21	3286.31	-49.9998	
21	3296.297	-49.9998	
21	3306.28	-49.9998	
21	3316.274	-49.9998	
21	3326.256	-49.9998	
21	3336.24	-49.9998	
21	3346.225	-49.9998	
21	3356.217	-49.9998	
21	3366.2	-49.9998	
21	3376.189	-49.9998	
21	3386.18	-49.9998	
21	3396.168	-49.9998	
21	3406.153	-49.9998	
21	3416.139	-49.9998	
21	3426.118	-49.9998	
21	3436.098	-49.9998	
21	3446.082	-49.9998	
21	3456.067	-49.9998	
21	3466.053	-49.9998	
21	3476.043	-49.9998	
21	3486.029	-49.9998	
21	3496.008	-49.9998	
21	3505.99	-49.9998	
21	3515.976	-49.9998	
21	3525.963	-49.9998	
21	3535.946	-49.9998	
21	3545.938	-49.9998	
21	3555.932	-49.9998	
21	3565.914	-49.9998	
21	3575.902	-49.9998	
21	3585.886	-49.9998	
21	3595.882	-49.9998	
21	3605.862	-49.9998	
21	3615.85	-49.9998	
21	3625.84	-49.9998	
21	3635.823	-49.9998	
21	3645.814	-49.9998	
21	3655.797	-49.9998	
21	3665.788	-49.9998	
21	3675.775	-49.9998	
21	3685.766	-49.9998	
21	3695.75	-49.9998	
21	3705.737	-49.9998	
21	3715.729	-49.9998	
21	3725.72	-49.9998	
21	3735.715	-49.9998	
21	3745.702	-49.9998	
21	3755.692	-49.9998	
21	3765.683	-49.9998	
21	3775.672	-49.9998	
21	3785.663	-49.9998	
21	3795.648	-49.9998	
21	3805.632	-49.9998	
21	3815.621	-49.9998	
21	3825.604	-49.9998	
21	3835.589	-49.9998	
21	3845.565	-49.9998	
21	3855.557	-49.9998	
21	3865.553	-49.9998	
21	3875.535	-49.9998	
21	3885.519	-49.9998	
21	3895.513	-49.9998	
21	3905.49	-49.9998	
21	3915.475	-49.9998	
21	3925.464	-49.9998	
21	3935.445	-49.9998	
21	3945.435	-49.9998	
21	3955.417	-49.9998	
21	3965.408	-49.9998	
21	3975.388	-49.9998	
21	3985.37	-49.9998	
21	3995.364	-49.9998	
21	4005.358	-49.9998	
21	4015.342	-49.9998	
21	4025.336	-49.9998	
21	4035.33	-49.9998	
21	4045.323	-49.9998	
21	4055.305	-49.9998	
21	4065.291	-49.9998	
21	4075.276	-49.9998	
21	4085.258	-49.9998	
21	4095.244	-49.9998	
21	4105.237	-49.9998	
21	4115.237	-49.9998	
21	4125.239	-49.9998	
21	4135.243	-49.9998	
21	4145.247	-49.9998	
21	4155.246	-49.9998	
21	4165.251	-49.9998	
21	4175.25	-49.9998	
21	4185.26	-49.9998	
21	4195.256	-49.9998	
21	4205.263	-49.9998	
21	4215.264	-49.9998	
21	4225.269	-49.9998	
21	4235.276	-49.9998	
21	4245.282	-49.9998	
21	4255.274	-49.9998	
21	4265.28	-49.9998	
21	4275.288	-49.9998	
21	4285.286	-49.9998	
21	4295.285	-49.9998	
21	4305.284	-49.9998	
21	4315.284	-49.9998	
21	4325.281	-49.9998	
21	4335.277	-49.9998	
21	4345.272	-49.9998	
21	4355.277	-49.9998	
21	4365.273	-49.9998	
21	4375.273	-49.9998	
21	4385.274	-49.9998	
21	4395.272	-49.9998	
21	4405.27	-49.9998	
21	4415.269	-49.9998	
21	4425.261	-49.9998	
21	4435.27	-49.9998	
21	4445.276	-49.9998	
21	4455.271	-49.9998	
21	4465.279	-49.9998	
21	4475.278	-49.9998	
21	4485.272	-49.9998	
21	4495.27	-49.9998	
21	4505.272	-49.9998	
21	4515.272	-49.9998	
21	4525.266	-49.9998	
21	4535.267	-49.9998	
21	4545.269	-49.9998	
21	4555.257	-49.9998	
21	4565.254	-49.9998	
21	4575.249	-49.9998	
21	4585.253	-49.9998	
21	4595.251	-49.9998	
21	4605.246	-49.9998	
21	4615.236	-49.9998	
21	4625.225	-49.9998	
21	4635.229	-49.9998	
21	4645.237	-49.9998	
21	4655.24	-49.9998	
21	4665.233	-49.9998	
21	4675.232	-49.9998	
21	4685.219	-49.9998	
21	4695.21	-49.9998	
21	4705.203	-49.9998	
21	4715.194	-49.9998	
21	4725.182	-49.9998	
21	4735.176	-49.9998	
21	4745.187	-49.9998	
21	4755.187	-49.9998	
21	4765.198	-49.9998	
21	4775.195	-49.9998	
21	4785.191	-49.9998	
21	4795.186	-49.9998	
21	4805.187	-49.9998	
21	4815.185	-49.9998	
21	4825.181	-49.9998	
21	4835.185	-49.9998	
21	4845.195	-49.9998	
21	4855.203	-49.9998	
21	4865.202	-49.9998	
21	4875.202	-49.9998	
21	4885.193	-49.9998	
21	4895.195	-49.9998	
21	4905.195	-49.9998	
21	4915.196	-49.9998	
21	4925.203	-49.9998	
21	4935.204	-49.9998	
21	4945.201	-49.9998	
21	4955.199	-49.9998	
21	4965.196	-49.9998	
21	4975.208	-49.9998	
21	4985.206	-49.9998	
21	4995.201	-49.9998	
21	5005.193	-49.9998	
21	5015.192	-49.9998	
21	5025.2	-49.9998	
21	5035.199	-49.9998	
21	5045.198	-49.9998	
21	5055.204	-49.9998	
21	5065.201	-49.9998	
21	5075.214	-49.9998	
21	5085.217	-49.9998	
21	5095.222	-49.9998	
21	5105.228	-49.9998	
21	5115.226	-49.9998	
21	5125.216	-49.9998	
21	5135.21	-49.9998	
21	5145.217	-49.9998	
21	5155.224	-49.9998	
21	5165.222	-49.9998	
21	5175.224	-49.9998	
21	5185.225	-49.9998	
21	5195.217	-49.9998	
21	5205.214	-49.9998	
21	5215.205	-49.9998	
21	5225.192	-49.9998	
21	5235.182	-49.99983	
21	5245.179	-49.9998	
21	5255.181	-49.9998	
21	5265.181	-49.9998	
21	5275.186	-49.9998	
21	5285.179	-49.9998	
21	5295.186	-49.9998	
21	5305.179	-49.9998	
21	5315.188	-49.9998	
21	5325.197	-49.9998	
21	5335.203	-49.9998	
21	5345.197	-49.9998	
21	5355.202	-49.9998	
21	5365.2	-49.9998	
21	5375.196	-49.9998	
21	5385.207	-49.9998	
21	5395.21	-49.9998	
21	5405.207	-49.9998	
21	5415.219	-49.9998	
21	5425.223	-49.9998	
21	5435.223	-49.9998	
22	2.282821	-11.04489	
46	0.8496256	-40.25209	
52	1.699058	-242.8021	
58	2.649088	-31.72665	
64	8.232648	-1.970199	
66	0.0328935	-137.9236	
